00010100 00010001 00 001010
1111 1111 1111 1111 1111 1111 1111 1111 1111 1111 1111 1111 0000 0000 0000 1111 1111 1111 1111 1111
1111 1111 1111 1111 1111 1111 1111 1111 1111 1111 1111 0000 1010 1010 1010 0000 1111 1111 1111 1111
1111 1111 1111 1111 1111 1111 1111 1111 1111 0000 0000 0000 1010 1010 1010 0000 1111 1111 1111 1111
1111 1111 1111 1111 1111 1111 1111 0000 0000 1010 1010 0010 1010 1010 0010 1010 0000 0000 1111 1111
1111 1111 1111 0000 0000 1111 0000 1010 1010 1010 0010 0010 1010 1010 0010 1010 1010 1010 0000 1111
1111 1111 0000 1011 1011 0000 0000 1010 1010 0010 1010 0010 1010 1010 1010 0010 1010 1010 1010 0000
1111 1111 0000 1011 1011 1011 0000 0000 0010 1010 0010 1010 1010 1010 1010 1010 0010 1010 1010 0000
1111 1111 0000 1011 1011 1011 1011 0011 0000 1010 0010 1010 1010 1010 1010 1010 0010 1010 1010 0000
1111 0000 1011 1011 0011 1011 0011 0011 1011 0000 0000 0000 1010 1010 1010 1010 0010 1010 0000 1111
0000 0000 0011 1011 1011 1011 1011 1011 1011 1011 1011 0000 1010 1010 1010 1010 0000 0000 0000 1111
0000 0000 0011 1011 1011 1011 0011 1011 1011 1011 0000 0011 0000 0000 0000 0000 0011 0011 0000 1111
0000 1011 1011 1011 1011 0011 1011 0000 0000 1011 0011 0011 0011 0011 0011 0000 0011 1111 0000 1111
0000 0011 1011 1011 1011 1011 0000 1100 1111 1111 0011 0011 0000 0011 0011 0000 0000 0000 1111 1111
1111 0000 0011 1011 1011 1011 0000 1100 1111 0011 0011 0000 0011 0011 0000 1111 1111 1111 1111 1111
1111 1111 0000 0000 0011 0011 0011 0011 0011 0011 0000 0011 0011 0011 0000 1111 1111 1111 1111 1111
1111 1111 1111 1111 0000 0000 0000 0000 0000 0000 0000 1111 0011 1111 0000 1111 1111 1111 1111 1111
1111 1111 1111 1111 1111 1111 1111 1111 1111 1111 1111 0000 0000 0000 1111 1111 1111 1111 1111 1111