00010111 00010101 00 001010
1111 1111 1111 1111 1111 1111 0000 0000 1111 1111 1111 1111 1111 1111 1111 1111 1111 1111 1111 1111 1111 1111 1111
1111 1111 1111 1111 1111 0000 0000 0111 0000 1111 1111 1111 1111 1111 1111 1111 1111 1111 1111 1111 1111 1111 1111
1111 1111 1111 1111 1111 0000 1111 0111 0111 0000 0000 0000 1111 1111 1111 0000 0000 1111 1111 1111 1111 1111 1111
1111 1111 1111 0000 0000 1111 0000 1111 0110 0110 0110 0110 0000 0000 0000 0111 0111 0000 1111 1111 1111 1111 1111
1111 1111 1111 0000 1001 0000 0000 0110 0110 0110 0110 0110 0110 0000 1111 0000 0000 0111 0000 1111 1111 1111 1111
1111 1111 1111 0000 1001 1001 0001 0000 0000 0110 0000 0000 0110 1111 1111 0000 0000 0111 0000 1111 1111 1111 1111
1111 1111 0000 1001 1001 1001 1001 0001 0001 0000 0001 0000 0110 1111 0111 0111 0111 0000 1111 1111 1111 1111 1111
1111 0000 0001 1001 1001 1001 1001 1001 0001 0001 0001 0000 0110 0110 0111 0111 0000 0110 0000 1111 1111 1111 1111
1111 0000 1001 1001 1001 1001 1001 0000 0001 0001 0000 0111 0111 0111 0000 0000 0110 0110 0000 1111 1111 1111 1111
0000 1001 1001 1001 1001 1001 0000 1111 0001 0001 0001 0000 0000 0000 0000 0000 0111 0110 0110 0000 0000 0000 0000
0000 1001 1001 1001 1001 0000 0000 1001 0001 1110 0001 0000 0000 0001 0001 0001 0000 0111 0110 0000 1001 0001 0000
0000 1111 1001 1001 1001 1001 1001 0001 1110 1110 0000 0111 0000 1001 0001 0001 0000 0111 0110 0000 0001 0000 1111
1111 0000 1110 1110 1001 1001 1110 1110 1110 0000 0111 0000 1001 1001 1001 0001 0000 0111 0111 0000 0000 1111 1111
1111 1111 0000 0000 1111 1110 1110 0000 0000 1110 0000 1001 0001 1001 0001 0000 1001 0000 0000 1111 1111 1111 1111
1111 1111 1111 1111 0000 0000 0000 1110 1110 0000 1111 1001 1001 0001 0000 1001 1001 0001 0000 1111 1111 1111 1111
1111 1111 1111 1111 1111 0000 0000 1110 1110 0000 0000 1001 1001 0000 1001 1001 1001 0001 0001 0000 1111 1111 1111
1111 1111 1111 1111 1111 0000 0000 0000 1110 1110 0000 1111 0000 0000 0000 0000 1001 1001 0001 0000 1111 1111 1111
1111 1111 1111 1111 1111 1111 1111 1111 0000 0000 1110 0000 1110 0000 0001 1001 1001 0001 0000 1111 1111 1111 1111
1111 1111 1111 1111 1111 1111 1111 1111 1111 1111 0000 0000 0000 0000 1111 1001 1001 1111 0000 1111 1111 1111 1111
1111 1111 1111 1111 1111 1111 1111 1111 1111 1111 1111 1111 1111 1111 0000 1111 1111 0000 1111 1111 1111 1111 1111
1111 1111 1111 1111 1111 1111 1111 1111 1111 1111 1111 1111 1111 1111 0000 0000 0000 1111 1111 1111 1111 1111 1111